0	0	中广网	59
1	2	６	3941
2	3	月	4355
3	4	１	5450
4	5	２	4834
5	6	日	3628
6	7	消息	625
7	8	（	3413
8	9	记者	2054
9	11	　	3916
10	13	）	3407
11	14	据	1472
12	15	中国	2512
13	16	之声	57
14	17	《	2146
15	18	新闻	331
16	19	晚	114
17	20	高峰	62
18	21	》	2146
19	22	报道	1033
20	23	，	9653
21	24	今天	555
22	25	上午	455
23	26	公安机关	81
24	27	０	4852
25	30	专项	89
26	31	行动	254
27	32	“	4752
28	33	统一	204
29	35	非法	106
30	37	物品	100
31	38	活动	684
32	39	”	4749
33	40	在	7316
34	41	河北	79
35	42	正式	466
36	43	启动	214
37	46	、	5740
38	47	５	3725
39	50	全国	656
40	51	个	1413
41	52	城市	370
42	53	被	2679
43	54	。	9661
44	55		5962
45	57	：	3522
46	58	现在	908
47	59	我	1473
48	60	宣布	305
49	62	开始	1251
50	63	！	899
51	64	随着	401
52	66	副	438
53	67	部长	161
54	69	大量	320
55	71	式	123
56	73	以及	966
57	78	投入	195
58	80	与此同时	120
59	81	各	519
60	85	和	5798
61	86	群众	395
62	87	主动	205
63	89	的	8366
64	91	集中	254
65	92	指定	70
66	93	场所	78
67	94	分别	503
68	97	刘	132
69	99	介绍	643
70	100	这次	411
71	102	三个	265
72	103	方面	863
73	104	打击	152
74	105	包括	704
75	109	犯罪	168
76	111	还有	784
77	112	从	2323
78	116	现场	643
79	117	看到	744
80	118	了	5233
81	120	也	3619
82	124	抢	91
83	126	等等	114
84	127	按照	495
85	128	我国	418
86	130	这些	1028
87	131	都	2790
88	132	是	4928
89	134	禁止	100
90	135	个人	376
91	136	持有	76
92	137	世界	538
93	138	上	3243
94	141	最低	114
95	142	国家	836
96	143	之一	437
97	144	中	3413
98	145	美	114
99	151	案	80
100	152	近日	599
101	153	执法	134
102	154	部门	573
103	155	成功	402
104	156	抓获	117
105	157	嫌疑人	139
106	158	３	3807
107	159	名	587
108	161	各类	132
109	162	９	3216
110	168	美国	641
111	169	这是	642
112	170	与	3012
113	174	通过	1177
114	175	联合	250
115	176	调查	620
116	177	方式	606
117	179	重大	293
118	180	案件	199
119	181	又	1504
120	182	一	1161
121	184	年	3195
122	185	８	3120
123	187	对	4193
124	189	发	145
125	190	往	144
126	191	浙江	130
127	195	为	3451
128	199	进行	1877
129	201	时	2342
130	202	发现	925
131	204	内	893
132	207	件	79
133	210	７	2825
134	211	经	401
135	212	检验	86
136	213	具有	419
137	215	及其	225
138	216	这	2350
139	217	引起	1327
140	219	高度重视	108
141	221	局长	92
142	223	成	422
143	224	因为	1083
144	225	是从	109
145	226	进口	88
146	227	检查	238
147	228	出来	422
148	230	说明	222
149	231	来源	541
150	233	或是	67
151	234	说	2215
152	235	国外	121
153	236	应该	621
154	237	一起	663
155	241	成立	391
156	244	侦查	60
157	245	于	1368
158	246	Ｕ	117
159	247	Ｐ	410
160	248	Ｓ	461
161	250	处	284
162	251	将	3050
163	253	男	210
164	254	岁	972
165	256	人	3494
166	257	交代	81
167	258	他	2433
168	259	网站	1223
169	260	认识	250
170	263	以来	565
171	264	长期	298
172	265	居住	105
173	266	互联网	77
174	267	组建	72
175	268	一个	2186
176	272	群体	102
177	273	网络	329
178	274	国内	426
179	275	寻找	189
180	278	并	2649
181	281	公司	714
182	282	纽约	62
183	283	快	264
184	285	多名	162
185	286	类似	169
186	288	再	869
187	290	此案	86
188	294	交易	207
189	296	强	211
190	298	使用	421
191	299	身份	268
192	304	体现	210
193	305	新型	55
194	306	特别	570
195	307	现代	164
196	308	新	1126
197	309	特点	172
198	311	距离	171
199	312	限制	116
200	313	经常	283
201	315	甚至	646
202	319	这种	733
203	321	改变	245
204	322	要求	917
205	323	我们	1484
206	324	各国	83
207	325	警方	402
208	326	充分	172
209	327	合作	349
210	328	作者	204
211	329	天津	85
212	330	卫视	87
213	332	节目	145
214	335	门	92
215	336	事件	381
216	339	主持人	94
217	341	刚	192
218	344	发出	193
219	346	称	1012
220	347	自己	1766
221	348	错	51
222	350	缺乏	158
223	351	了解	857
224	352	但	2497
225	353	道歉	64
226	354	没有	2050
227	355	得到	615
228	356	网友	421
229	357	接受	723
230	359	有	4563
231	361	指出	529
232	362	问题	1233
233	363	就	2693
234	365	他人	100
235	366	连	316
236	367	不会	613
237	368	一番	64
238	370	之前	547
239	373	得	915
240	375	表现	577
241	377	声称	74
242	379	绝不	57
243	380	几天	160
244	384	网上	1257
245	387	要	1900
246	389	显然	180
247	390	有点	147
248	392	一则	72
249	395	解释	200
250	396	像	454
251	397	几年	180
252	400	先生	199
253	401	追	65
254	402	别人	151
255	404	后面	98
256	408	地说	167
257	409	＂	95
258	410	你	755
259	411	这样	1010
260	412	为了	815
261	414	而	3403
262	415	错误	121
263	416	在于	155
264	418	不够	139
265	419	站	336
266	420	角度	166
267	421	考虑	387
268	422	当	726
269	423	不	2733
270	424	时候	676
271	425	无法	445
272	426	给出	78
273	427	准确	98
274	428	判断	107
275	429	建议	294
276	430	今年以来	106
277	431	各种	360
278	433	大多	97
279	435	此	276
280	436	最后	658
281	437	表示	1774
282	438	批评	125
283	439	很	1531
284	440	感谢	96
285	441	我会	74
286	442	努力	322
287	443	去	1010
288	444	这个	1173
289	446	所	851
290	447	想	640
291	450	跟	425
292	451	同学	126
293	452	们	878
294	453	别	74
295	455	下去	103
296	457	却	1039
297	458	认可	91
298	461	舞台	113
299	462	学生	354
300	463	选手	111
301	464	掌握	182
302	468	很难	129
303	469	做到	181
304	471	哪个	60
305	472	是否	498
306	473	而是	333
307	474	态度	230
308	475	更	1483
309	476	认为	1117
310	477	存在	532
311	479	所有	467
312	482	对于	975
313	483	相关	1716
314	485	资料	288
315	486	先	209
316	487	以	1924
317	490	；	1483
318	492	当地	534
319	493	生活	726
320	494	经验	276
321	495	对方	265
322	497	里面	159
323	499	然后	318
324	505	张	235
325	506	请	1268
326	507	把	1341
327	509	处理	333
328	516	山东	138
329	517	４	3463
330	518	夫妻	87
331	520	忙	78
332	526	街道	104
333	527	米	233
334	530	间	172
335	532	驾驶	148
336	534	收获	98
337	540	可见	72
338	545	夫妇	74
339	546	就是	1251
340	547	众多	206
341	548	一对	80
342	550	投资	440
343	552	购买	266
344	553	一台	55
345	554	大型	216
346	555	成为	1145
347	557	第一	477
348	563	中午	140
349	569	晚上	245
350	570	有时	123
351	574	各自	94
352	576	丈夫	113
353	577	妻子	203
354	578	负责	286
355	579	量	94
356	580	地	1529
357	584	装	55
358	586	等	2759
359	587	一天	229
360	588	能	1253
361	591	下来	192
362	593	多	1606
363	595	他们	1592
364	597	一线	118
365	598	及时	333
366	601	着	1512
367	603	同时	1208
368	604	劳动	81
369	605	带来	399
370	606	稳定	312
371	607	收入	237
372	608	新华社	227
373	610	摄	177
374	611	北京	1028
375	613	明天	95
376	614	凌晨	209
377	615	两场	66
378	616	欧洲杯	239
379	617	精彩	134
380	618	比赛	608
381	619	上演	130
382	620	死亡	277
383	622	Ｂ	423
384	623	组	134
385	624	当中	119
386	626	传统	229
387	630	正	424
388	631	面临	289
389	632	提前	173
390	633	淘汰	89
391	635	危险	152
392	637	之后	809
393	639	形势	211
394	640	德国	183
395	641	丹麦	63
396	642	分	714
397	643	葡萄牙	64
398	644	荷兰	84
399	645	球队	324
400	646	对阵	98
401	647	如果	1025
402	649	会	1775
403	651	可以	1341
404	656	就要	153
405	657	回家	189
406	658	Ｃ	482
407	659	罗	67
408	660	后	2700
409	662	时间	1341
410	663	点	498
411	664	乌克兰	74
412	669	之下	116
413	670	身上	277
414	671	压力	380
415	674	不过	819
416	675	实力	206
417	677	受到	477
418	678	质疑	141
419	679	不算	50
420	680	大	1452
421	681	但是	762
422	683	球星	72
423	685	非常	702
424	686	严格	180
425	687	全队	53
426	689	国家队	121
427	690	证明	193
428	692	强烈	157
429	693	虽然	808
430	695	后来	309
431	697	教练	101
432	700	相信	268
433	701	一定	653
434	702	能够	530
435	703	赢得	164
436	704	这场	183
437	705	球	164
438	706	带领	138
439	707	走出	98
440	709	媒体	547
441	712	相比	272
442	713	第一场	53
443	714	以后	302
444	715	产生	363
445	716	负	66
446	719	早	209
447	721	传出	97
448	722	出现	995
449	723	核心	255
450	724	人物	159
451	728	两名	211
452	729	主力	119
453	730	前锋	95
454	733	矛盾	144
455	734	越来越	264
456	735	涉及	245
457	736	到	2784
458	737	球员	359
459	738	之间	457
460	740	不能	733
461	741	首发	112
462	743	满意	105
463	745	特	56
464	747	替补	61
465	748	角色	196
466	749	中场	72
467	751	主帅	113
468	758	种种	70
469	762	确实	280
470	763	有人	353
471	764	太	337
472	765	过于	66
473	766	自我	93
474	767	承认	196
475	768	目前	1488
476	769	气氛	81
477	770	不如	70
478	771	两年	208
479	772	前	1253
480	774	情况	1187
481	775	正常	252
482	777	想要	95
483	778	战胜	92
484	779	强大	172
485	781	必须	529
486	782	整理	65
487	783	好	1221
488	784	内部	164
489	785	球迷	186
490	786	来说	403
491	787	吸引力	55
492	788	下	1651
493	789	首轮	67
494	790	那样	182
495	795	正在	816
496	796	意大利	142
497	804	处于	251
498	807	拥有	1336
499	808	家	352
500	813	近	388
501	815	穿着	112
502	816	普通	168
503	817	Ｔ	375
504	820	路边	96
505	821	一家	423
506	823	花	115
507	825	买	255
508	826	两人	370
509	828	坐在	115
510	832	起来	466
511	833	英国	241
512	834	每日	102
513	840	仅	1288
514	841	约	431
515	842	人民币	204
516	843	元	483
517	844	先是	78
518	846	看	770
519	848	由	2063
520	850	则	923
521	853	手机	183
522	854	给	1447
523	859	食品	135
524	861	明星	171
525	862	竟	106
526	863	边	100
527	866	吃	310
528	867	一位	619
529	868	路	413
530	869	告诉	541
531	870	没	574
532	873	只是	594
533	875	人群	88
534	877	阅读	55
535	878	微博上	110
536	880	Ｖ	245
537	881	最近	318
538	882	播出	77
539	884	警察	116
540	885	疑似	54
541	887	最大	503
542	888	牌	50
543	891	第	445
544	894	今年	1039
545	895	上海	437
546	897	镜头	89
547	898	似乎	250
548	899	笑	172
549	900	开心	85
550	903	让	1749
551	906	［	103
552	907	详细	207
553	908	］	103
554	909	新闻网	106
555	910	本报记者	132
556	912	本报	155
557	913	通讯员	144
558	916	城区	53
559	918	中旬	71
560	921	办事处	57
561	923	东	52
562	924	社区	120
563	925	台	103
564	927	演出	129
565	929	附近	397
566	930	居民	153
567	931	热情	109
568	932	多人	106
569	933	队伍	168
570	934	更是	332
571	937	观众	244
572	939	负责人	446
573	940	总共	50
574	941	多万元	55
575	943	很多	811
576	944	除了	467
577	945	中心	381
578	946	外	445
579	947	还	2366
580	948	建设	621
581	955	夏天	66
582	956	继续	692
583	957	现有	96
584	958	公共	77
585	959	文化	349
586	961	实施	413
587	962	提升	304
588	963	工程	203
589	964	其中	1022
590	965	万元	469
591	966	功能	145
592	967	完善	237
593	968	加大	242
594	969	人民	426
595	973	广场	87
596	974	设施	80
597	975	力度	185
598	976	东部	96
599	980	北部	67
600	984	南部	91
601	986	西部	105
602	988	重点	379
603	989	区域	220
604	991	具备	130
605	992	能力	445
606	993	加强	484
607	994	市	314
608	997	服务	1425
609	998	基本	438
610	999	构建	87
611	1000	起	572
612	1003	一些	989
613	1005	性	130
614	1006	逐步	161
615	1007	展开	260
616	1008	总	294
617	1009	亿元	297
618	1010	市民	301
619	1011	已经	1600
620	1012	规划	200
621	1014	达到	520
622	1017	．	1300
623	1023	即将	274
624	1024	近期	247
625	1027	三	306
626	1028	公里	186
627	1030	建成	94
628	1033	进一步	709
629	1034	至	710
630	1035	基层	93
631	1036	计划	420
632	1038	村	118
633	1039	加快	202
634	1040	经济	711
635	1043	镇	119
636	1046	特色	139
637	1047	根据	1681
638	1048	每个	274
639	1049	实际	298
640	1050	配置	169
641	1054	设备	143
642	1056	农村	175
643	1057	其	2312
644	1060	Ｄ	287
645	1065	采取	342
646	1067	扶持	51
647	1068	办法	245
648	1074	形成	420
649	1075	青岛市	64
650	1076	连续	335
651	1077	三年	151
652	1078	基础	363
653	1079	用于	172
654	1081	改善	171
655	1082	全市	143
656	1083	已	1490
657	1086	综合	263
658	1088	一级	63
659	1089	全部	408
660	1093	％	867
661	1094	满足	199
662	1095	需求	267
663	1097	效应	73
664	1102	建立	438
665	1103	第一个	146
666	1106	工作人员	367
667	1108	可	790
668	1109	不要	364
669	1114	只有	651
670	1116	纳入	102
671	1119	实现	518
672	1121	村民	107
673	1125	跑	222
674	1126	那么	452
675	1127	远	135
676	1130	一处	84
677	1131	一步	115
678	1132	电子	53
679	1133	信息	1257
680	1139	推进	316
681	1142	设立	130
682	1144	之	1659
683	1145	示范	53
684	1146	带动	92
685	1148	标准	353
686	1149	大力	110
687	1153	资源	201
688	1155	有限	98
689	1157	坚持	401
690	1158	采用	185
691	1159	送	264
692	1160	种	82
693	1161	相结合	63
694	1162	不断	547
695	1164	近年来	251
696	1166	持续	373
697	1167	开展	442
698	1171	每年	213
699	1172	财政	91
700	1175	电影	250
701	1176	确保	249
702	1177	场	172
703	1180	万	312
704	1181	除此之外	51
705	1182	扎实	56
706	1185	进	217
707	1189	保障	270
708	1191	权益	84
709	1192	积极	444
710	1193	引导	150
711	1194	团体	64
712	1195	文艺	56
713	1197	鼓励	181
714	1198	发展	1062
715	1199	原则	204
716	1201	水平	385
717	1202	高	770
718	1203	人员	560
719	1204	规模	220
720	1206	优秀	157
721	1209	繁荣	55
722	1210	市场	708
723	1212	中新网	272
724	1213	日电	663
725	1216	少年	59
726	1217	团	71
727	1218	代表	449
728	1219	参加	726
729	1225	自	485
730	1226	安排	304
731	1231	给予	235
732	1233	照顾	118
733	1235	坚决	130
734	1236	只	602
735	1237	跟随	68
736	1238	准备	513
737	1240	坚定	79
738	1241	中新社	73
739	1245	回应	248
740	1246	日前	433
741	1248	发布	475
742	1249	中央	286
743	1250	企业	579
744	1253	结果	426
745	1254	公告	96
746	1255	欢迎	111
747	1256	社会	728
748	1258	监督	151
749	1261	纷纷	228
750	1263	提出	566
751	1265	并称	54
752	1266	制度	342
753	1267	据悉	345
754	1268	公布	370
755	1269	石油	66
756	1274	年度	133
757	1275	披露	123
758	1277	管理	1573
759	1279	农业	117
760	1280	集团	249
761	1281	所属	61
762	1283	补贴	69
763	1289	声明	95
764	1290	结合	171
765	1293	工作	1344
766	1294	流程	53
767	1297	提交	58
768	1298	报告	346
769	1303	其他	688
770	1305	做出	265
771	1306	不同	547
772	1307	程度	295
773	1312	干部	215
774	1313	对此	396
775	1314	截至	278
776	1316	项	70
777	1318	已有	139
778	1319	完成	450
779	1320	此次	460
780	1321	值得	207
781	1322	关注	587
782	1323	评价	153
783	1324	意见	1248
784	1325	改革	237
785	1326	依旧	102
786	1327	取得	430
787	1328	很大	336
788	1329	成绩	221
789	1330	经营	277
790	1338	深入	214
791	1340	原因	527
792	1341	风险	269
793	1343	规范	179
794	1344	行为	1486
795	1346	当前	286
796	1349	证监会	54
797	1350	召开	364
798	1352	关于	472
799	1353	上市公司	59
800	1355	股票	90
801	1356	异常	70
802	1357	监管	181
803	1361	向	2419
804	1362	公开	291
805	1363	该	977
806	1364	规定	1406
807	1366	进入	761
808	1367	程序	135
809	1368	证券	126
810	1370	立即	324
811	1373	如	1394
812	1374	涉嫌	181
813	1376	决定	565
814	1379	应	1318
815	1382	进程	93
816	1383	提示	1033
817	1384	明确	320
818	1386	股东	55
819	1387	控制	272
820	1388	占	298
821	1389	本次	176
822	1391	比例	161
823	1392	以上	472
824	1393	因	1732
825	1395	或者	370
826	1400	审核	56
827	1404	网	159
828	1405	台湾	169
829	1410	真	141
830	1411	Ａ	583
831	1412	钱	354
832	1415	共有	147
833	1419	四个	122
834	1422	最新	186
835	1423	一期	57
836	1425	涉案	77
837	1426	教授	101
838	1427	可能	2046
839	1430	领域	260
840	1432	由于	913
841	1443	大学	189
842	1444	或	1840
843	1445	不小	50
844	1446	冲击	122
845	1450	股市	92
846	1454	国际	555
847	1456	影响	804
848	1457	今日	185
849	1459	大幅	166
850	1466	报	185
851	1467	跌幅	61
852	1470	重	107
853	1471	周期	60
854	1472	行业	302
855	1480	相对	255
856	1486	旅游	128
857	1487	指数	100
858	1488	以内	50
859	1489	对比	70
860	1490	投资者	177
861	1491	心态	95
862	1492	极为	80
863	1493	谨慎	90
864	1494	资金	307
865	1496	品种	84
866	1501	全面	384
867	1504	最为	123
868	1505	重要	830
869	1506	力量	240
870	1510	不久	174
871	1511	刚刚	226
872	1512	结束	485
873	1513	为期	56
874	1514	一年	302
875	1516	看来	192
876	1517	并未	175
877	1518	股价	55
878	1519	走势	81
879	1520	来看	319
880	1523	去年	563
881	1525	整体	242
882	1526	环境	392
883	1532	比较	496
884	1540	下跌	113
885	1541	幅度	94
886	1543	技术	397
887	1546	显示	1471
888	1549	事实上	163
889	1551	至今	197
890	1552	一直	799
891	1555	多次	298
892	1556	支撑	121
893	1557	再次	438
894	1558	考验	93
895	1560	显著	71
896	1561	下降	247
897	1562	尽管	408
898	1564	试点	61
899	1565	信心	158
900	1566	真正	337
901	1567	令	219
902	1569	恐怕	85
903	1570	还是	953
904	1571	诸多	85
905	1572	担忧	89
906	1573	增速	107
907	1574	下滑	122
908	1575	有效	304
909	1576	政策	480
910	1577	手段	169
911	1578	对抗	66
912	1579	过去	392
913	1581	发动机	83
914	1584	结构	156
915	1585	转型	75
916	1586	艰难	77
917	1587	四	112
918	1589	逐渐	212
919	1592	背景	192
920	1593	未来	442
921	1594	上涨	159
922	1595	空间	246
923	1597	较	517
924	1598	低	260
925	1599	因此	654
926	1600	Ｌ	248
927	1601	型	172
928	1603	年内	77
929	1605	意味着	193
930	1606	仍	645
931	1608	新华网	206
932	1611	行政	136
933	1612	机构	331
934	1616	方针	62
935	1620	开放	121
936	1621	含	63
937	1628	不满	108
938	1629	占据	87
939	1633	任命	63
940	1636	依法	180
941	1637	邀请	170
942	1642	造成	566
943	1644	未	390
944	1645	承诺	102
945	1646	暂时	128
946	1648	遭到	219
947	1652	陷入	128
948	1658	做	1050
949	1664	否则	99
950	1665	不让	69
951	1667	发言	58
952	1669	国民党	174
953	1671	立刻	92
954	1674	停止	117
955	1678	院长	65
956	1680	呼吁	86
957	1681	回到	241
958	1684	只好	64
959	1685	会议	361
960	1686	休息	127
961	1689	协商	86
962	1691	日晚	219
963	1696	随后	604
964	1700	人数	115
965	1701	历史	517
966	1703	超过	473
967	1705	爆发	149
968	1707	几乎	332
969	1709	…	528
970	1713	地区	432
971	1714	遭遇	227
972	1715	超级	81
973	1716	袭击	82
974	1722	面积	110
975	1724	至少	242
976	1727	创下	54
977	1728	来	1393
978	1729	最	1063
979	1731	纪录	82
980	1734	一种	519
981	1735	特殊	167
982	1738	引发	257
983	1740	一名	722
984	1741	儿童	125
985	1742	疾病	64
986	1744	官员	157
987	1746	称为	155
988	1757	送往	79
989	1758	医院	360
990	1759	救治	54
991	1761	上周	103
992	1762	曾	885
993	1769	水	130
994	1771	大多数	125
995	1775	Ｈ	171
996	1777	年代	197
997	1782	导致	451
998	1783	大规模	108
999	1785	民众	137
1000	1786	另有	72
1001	1790	研究	444
1002	1791	才	831
1003	1792	确认	174
1004	1793	监控	111
1005	1794	长	252
1006	1796	－	1050
1007	1797	天	316
1008	1798	感觉	331
1009	1803	严重	336
1010	1806	降低	176
1011	1812	证实	198
1012	1813	提醒	169
1013	1818	避免	172
1014	1824	需	212
1015	1825	彻底	121
1016	1827	双手	65
1017	1829	老	241
1018	1831	制造	181
1019	1837	测试	56
1020	1841	阶段	255
1021	1842	本月	72
1022	1845	世纪	169
1023	1850	生产	378
1024	1853	产业	142
1025	1856	此外	431
1026	1857	一条	237
1027	1863	人们	412
1028	1865	一代	58
1029	1866	经典	89
1030	1871	希腊	58
1031	1872	债务	53
1032	1873	亿	128
1033	1874	欧元	65
1034	1875	加上	213
1035	1877	西班牙	162
1036	1882	宽松	60
1037	1886	央行	100
1038	1887	降息	91
1039	1890	首席	75
1040	1894	危机	140
1041	1896	全球	265
1042	1897	新一轮	62
1043	1901	利率	106
1044	1903	符合	214
1045	1904	预期	188
1046	1907	意外	191
1047	1908	本周	89
1048	1909	及	963
1049	1911	受	324
1050	1914	加入	228
1051	1917	就此	88
1052	1921	咨询	113
1053	1923	增长	356
1054	1924	分析	352
1055	1925	推行	68
1056	1926	动力	160
1057	1927	十足	73
1058	1928	一季度	60
1059	1929	数据	352
1060	1930	表明	146
1061	1932	低于	132
1062	1936	就业	97
1063	1938	反弹	95
1064	1945	Ｉ	319
1065	1946	均	1501
1066	1947	区间	72
1067	1948	日本	359
1068	1951	状态	314
1069	1952	同比	122
1070	1955	短期	90
1071	1956	足够	114
1072	1958	然而	355
1073	1959	起到	98
1074	1960	效果	172
1075	1961	明显	405
1076	1962	一轮	61
1077	1963	刺激	121
1078	1964	过程	525
1079	1972	使得	160
1080	1974	难以	196
1081	1976	作用	365
1082	1979	损失	133
1083	1981	流动性	55
1084	1982	若	169
1085	1984	维持	158
1086	1989	允许	143
1087	1992	出口	107
1088	1993	构成	153
1089	1995	格局	88
1090	1996	应对	119
1091	1997	需要	889
1092	1999	民间	106
1093	2002	完	247
1094	2005	领先	119
1095	2008	资产	162
1096	2009	方案	149
1097	2010	获得	525
1098	2014	条件	347
1099	2018	现金	122
1100	2019	发行	151
1101	2020	股份	117
1102	2033	有限公司	256
1103	2038	收到	150
1104	2040	文件	143
1105	2045	价格	327
1106	2050	按	251
1107	2052	支付	126
1108	2056	除	180
1109	2059	债券	67
1110	2062	货币	59
1111	2063	之外	210
1112	2065	作为	935
1113	2069	全体	71
1114	2072	部分	1500
1115	2078	运营	82
1116	2080	通报	114
1117	2081	此前	327
1118	2082	此后	152
1119	2088	得以	74
1120	2090	最终	579
1121	2091	进展	89
1122	2098	相应	144
1123	2103	上述	248
1124	2105	确定	346
1125	2106	开发	139
1126	2107	非	185
1127	2110	／	414
1128	2111	股	131
1129	2113	不足	184
1130	2115	解决	383
1131	2120	通知	1144
1132	2122	自治区	51
1133	2126	局	76
1134	2128	广东	168
1135	2133	贯彻落实	69
1136	2134	国务院	120
1137	2135	有关	1688
1138	2136	精神	337
1139	2137	青岛	147
1140	2138	武汉	125
1141	2140	海洋	59
1142	2141	山	79
1143	2145	如下	52
1144	2147	以下	235
1145	2153	湖北	87
1146	2159	运输	64
1147	2178	属于	290
1148	2180	具体	319
1149	2181	无	305
1150	2183	违法	141
1151	2186	主管	56
1152	2188	办理	133
1153	2189	手续	88
1154	2190	二	233
1155	2191	主要	957
1156	2194	申请	140
1157	2201	凭	55
1158	2204	材料	129
1159	2207	离	89
1160	2210	加	95
1161	2214	每月	82
1162	2215	到达	131
1163	2216	内容	1287
1164	2217	项目	371
1165	2218	增加	444
1166	2221	调整	345
1167	2224	日起	106
1168	2226	视为	80
1169	2228	不再	170
1170	2229	享受	147
1171	2234	提供	1576
1172	2235	现行	62
1173	2237	制定	205
1174	2238	各地	225
1175	2240	沟通	127
1176	2242	配合	174
1177	2243	机制	232
1178	2246	诚信	51
1179	2247	出	801
1180	2249	密切	77
1181	2251	运行	138
1182	2257	五	73
1183	2258	本	251
1184	2259	执行	236
1185	2261	多家	139
1186	2262	银行	293
1187	2263	员工	136
1188	2264	不可	130
1189	2265	存款	105
1190	2266	任务	305
1191	2269	某	362
1192	2271	实习生	72
1193	2276	业务	218
1194	2279	指标	93
1195	2287	她	1168
1196	2288	所在	118
1197	2292	自然	224
1198	2293	领导	481
1199	2297	外面	63
1200	2299	渠道	117
1201	2300	见	221
1202	2301	客户	145
1203	2302	希望	797
1204	2303	吸引	233
1205	2306	每天	242
1206	2307	小时	409
1207	2308	令人	201
1208	2312	新人	60
1209	2317	营销	53
1210	2318	费用	164
1211	2320	关键	221
1212	2321	职工	82
1213	2327	各项	145
1214	2330	卡	75
1215	2336	者	224
1216	2337	有些	392
1217	2339	同事	105
1218	2340	早已	116
1219	2342	打	553
1220	2343	打电话	117
1221	2344	维护	195
1222	2345	一下	218
1223	2351	基准利率	60
1224	2357	未能	104
1225	2358	摆脱	63
1226	2361	模式	168
1227	2363	比	740
1228	2364	设置	126
1229	2366	人士	307
1230	2370	日子	97
1231	2371	变得	140
1232	2373	可谓	123
1233	2375	拉	147
1234	2377	重庆	93
1235	2379	办公室	156
1236	2382	以前	199
1237	2384	一般	333
1238	2385	直接	1477
1239	2388	工资	102
1240	2389	左右	556
1241	2393	一项	161
1242	2394	达	456
1243	2395	父母	190
1244	2399	帮忙	57
1245	2403	贷款	141
1246	2404	适当	69
1247	2408	专家	345
1248	2410	背后	116
1249	2411	市场化	70
1250	2413	金融	133
1251	2415	真实	145
1252	2418	体系	215
1253	2421	只能	324
1254	2423	提高	480
1255	2427	不利	62
1256	2428	针对	372
1257	2429	这一	429
1258	2430	接近	164
1259	2431	透露	398
1260	2436	考核	68
1261	2437	作出	291
1262	2445	约定	50
1263	2448	月份	280
1264	2455	产品	345
1265	2456	打开	162
1266	2457	券商	53
1267	2459	收益	136
1268	2460	业内人士	131
1269	2461	放松	117
1270	2463	呈	79
1271	2464	回落	84
1272	2465	趋势	159
1273	2466	较大	206
1274	2467	基金	159
1275	2474	迅速	326
1276	2475	月底	134
1277	2476	此类	61
1278	2477	主流	52
1279	2478	运作	61
1280	2479	合同	122
1281	2485	每	300
1282	2486	定期	102
1283	2489	获取	67
1284	2490	承担	1190
1285	2494	迎来	127
1286	2495	期	147
1287	2496	据统计	51
1288	2497	两个	651
1289	2502	最高	305
1290	2505	而且	599
1291	2508	固定	89
1292	2510	更加	417
1293	2515	可能性	116
1294	2516	小	632
1295	2519	当日	195
1296	2520	金额	111
1297	2527	首次	326
1298	2533	较为	105
1299	2534	紧张	177
1300	2538	普遍	194
1301	2540	降	56
1302	2544	基本上	92
1303	2545	保证	253
1304	2551	极端	53
1305	2555	业内	59
1306	2556	观点	120
1307	2557	延续	105
1308	2559	行情	51
1309	2560	部	133
1310	2561	总监	59
1311	2564	前提	106
1312	2565	恢复	181
1313	2569	很快	260
1314	2571	从而	185
1315	2572	推动	306
1316	2573	经理	102
1317	2579	仍然	314
1318	2580	期待	162
1319	2581	国内外	86
1320	2584	多元	73
1321	2586	找	328
1322	2588	许多	435
1323	2590	降价	53
1324	2591	从未	83
1325	2592	过	1059
1326	2594	库存	50
1327	2599	经历	287
1328	2602	黄金	82
1329	2603	十年	79
1330	2604	或许	191
1331	2605	走向	68
1332	2618	四大	68
1333	2619	万吨	50
1334	2621	分析师	81
1335	2626	消费	150
1336	2632	现象	243
1337	2633	迹象	66
1338	2638	突破	211
1339	2644	下行	75
1340	2645	来自	414
1341	2647	俄罗斯	157
1342	2651	澳大利亚	74
1343	2653	优势	309
1344	2654	用户	987
1345	2662	美元	80
1346	2663	吨	80
1347	2669	平台	1105
1348	2672	财经	67
1349	2673	日报	141
1350	2676	大约	173
1351	2678	下调	124
1352	2679	生意	68
1353	2684	前期	68
1354	2689	山西	61
1355	2691	公路	71
1356	2692	～	103
1357	2694	？	1286
1358	2696	状况	196
1359	2698	销售	234
1360	2705	便宜	54
1361	2707	优惠	85
1362	2708	另	329
1363	2717	卖	140
1364	2718	实行	226
1365	2722	真是	112
1366	2723	什么	617
1367	2724	理想	106
1368	2726	关	55
1369	2730	协会	97
1370	2734	还要	244
1371	2741	低迷	83
1372	2742	全	230
1373	2744	南方	73
1374	2746	另外	462
1375	2748	气	51
1376	2751	乐观	81
1377	2752	估计	118
1378	2755	能源	81
1379	2756	欧洲	180
1380	2758	‘	304
1381	2759	’	309
1382	2760	持	61
1383	2762	说法	178
1384	2767	不到	285
1385	2773	完全	496
1386	2774	事实	159
1387	2775	依据	104
1388	2776	发改委	75
1389	2777	政府	547
1390	2778	主体	100
1391	2780	地方	521
1392	2781	支持	457
1393	2782	方向	246
1394	2783	资本	150
1395	2784	参与	378
1396	2786	基础设施	71
1397	2792	予以	136
1398	2795	境内	79
1399	2797	在内	177
1400	2799	融资	79
1401	2802	共同	287
1402	2803	发起	100
1403	2805	外国	74
1404	2809	规则	68
1405	2811	不得	126
1406	2817	条例	62
1407	2819	认真	256
1408	2825	安全	481
1409	2826	各级	148
1410	2829	健康	241
1411	2831	国	110
1412	2834	号	323
1413	2837	修改	55
1414	2839	创造	250
1415	2845	楼	61
1416	2848	手	139
1417	2850	一次	688
1418	2857	见到	156
1419	2860	公众	162
1420	2862	身穿	64
1421	2863	一件	130
1422	2864	Ｏ	243
1423	2868	不少	548
1424	2872	终于	233
1425	2874	即使	176
1426	2876	而言	187
1427	2877	算	98
1428	2880	最早	77
1429	2882	下午	551
1430	2884	法院	200
1431	2885	法庭	74
1432	2903	起诉	54
1433	2905	一场	391
1434	2906	备受	87
1435	2908	早上	79
1436	2910	门口	106
1437	2911	聚集	62
1438	2913	律师	81
1439	2917	亦	155
1440	2918	派	128
1441	2923	上面	92
1442	2925	这里	1243
1443	2926	一张	208
1444	2927	视频	150
1445	2929	供	70
1446	2931	统计	191
1447	2935	身影	53
1448	2937	中间	96
1449	2940	身后	62
1450	2943	一段	131
1451	2944	例行	53
1452	2947	保持	395
1453	2949	直至	75
1454	2952	回答	161
1455	2955	李	152
1456	2960	依然	293
1457	2964	不是	881
1458	2965	学	75
1459	2966	法律	2146
1460	2967	责任	300
1461	2968	义务	71
1462	2970	事情	381
1463	2973	后果	87
1464	2974	这位	298
1465	2975	曾经	254
1466	2976	偶尔	62
1467	2977	情绪	161
1468	2982	怎么	278
1469	2983	知道	600
1470	2989	吗	288
1471	2995	从来	100
1472	2996	下发	82
1473	2999	的话	291
1474	3001	整个	352
1475	3002	声音	116
1476	3007	唯一	174
1477	3009	谈到	131
1478	3011	此时	168
1479	3014	还会	132
1480	3022	深刻	139
1481	3023	有没有	84
1482	3027	否认	111
1483	3028	怎样	150
1484	3029	跟着	72
1485	3031	问	244
1486	3033	下面	81
1487	3034	其实	414
1488	3037	一片	117
1489	3041	不仅	518
1490	3043	问及	58
1491	3046	究竟	111
1492	3048	旗下	91
1493	3049	贡献	210
1494	3053	它们	90
1495	3055	远远	54
1496	3057	同期	65
1497	3058	房地产	118
1498	3062	当天	337
1499	3065	这件	102
1500	3066	事	359
1501	3068	听到	166
1502	3070	孩子	437
1503	3071	通常	96
1504	3075	回国	55
1505	3077	第一次	232
1506	3078	接触	118
1507	3080	为什么	206
1508	3082	违规	76
1509	3083	以为	167
1510	3084	范围	288
1511	3087	讲述	130
1512	3089	尽	64
1513	3094	利用	364
1514	3095	赚	59
1515	3097	机会	451
1516	3098	选择	484
1517	3101	一份	242
1518	3108	河南省	125
1519	3114	等待	138
1520	3115	判决	64
1521	3116	失去	151
1522	3117	自由	116
1523	3123	指	191
1524	3124	任	139
1525	3127	主任	332
1526	3131	这起	56
1527	3132	指控	60
1528	3135	合法	54
1529	3138	支出	63
1530	3139	无论	137
1531	3141	方	72
1532	3143	报价	110
1533	3147	双方	318
1534	3151	正是	252
1535	3160	多个	207
1536	3164	官方	141
1537	3165	它	430
1538	3166	黑	71
1539	3174	办	124
1540	3183	机关	140
1541	3187	自称	92
1542	3190	讯	374
1543	3191	适合	97
1544	3194	窗口	72
1545	3195	—	673
1546	3198	也就是说	73
1547	3199	理论	162
1548	3201	计算	104
1549	3205	再度	119
1550	3206	出手	63
1551	3210	预计	275
1552	3213	数量	152
1553	3214	二级	64
1554	3219	有着	185
1555	3220	同样	313
1556	3225	对象	142
1557	3229	为例	63
1558	3230	平安	64
1559	3240	成本	215
1560	3244	Ｆ	181
1561	3245	Ｎ	282
1562	3247	两家	64
1563	3248	昨日	626
1564	3249	有所	194
1565	3250	线	95
1566	3251	两	221
1567	3254	仅仅	131
1568	3256	实际上	201
1569	3261	即	391
1570	3265	动态	53
1571	3267	倍	140
1572	3272	四川	98
1573	3285	照	76
1574	3288	财富	75
1575	3289	一个月	94
1576	3291	没想到	151
1577	3298	晚间	64
1578	3299	金融机构	58
1579	3303	举措	92
1580	3304	传递	58
1581	3306	信号	62
1582	3308	评论	117
1583	3312	极其	59
1584	3313	复杂	136
1585	3314	既	247
1586	3317	巨大	242
1587	3327	波动	68
1588	3329	发言人	152
1589	3331	党	233
1590	3335	针对性	54
1591	3338	增强	176
1592	3341	下半年	77
1593	3344	尤其	328
1594	3345	利润	97
1595	3348	信贷	70
1596	3349	挑战	184
1597	3352	部署	139
1598	3353	稳	64
1599	3354	一系列	211
1600	3359	转变	133
1601	3362	健全	55
1602	3366	科学	211
1603	3370	正如	65
1604	3372	转向	55
1605	3376	手里	59
1606	3378	如何	438
1607	3381	焦点	105
1608	3382	面对	432
1609	3384	凭借	140
1610	3386	高于	53
1611	3389	理财	63
1612	3390	知识	114
1613	3392	消费者	169
1614	3393	由此	109
1615	3396	理性	58
1616	3400	采访	463
1617	3406	共	328
1618	3407	款	79
1619	3408	一周	102
1620	3414	如此	338
1621	3421	推出	252
1622	3423	听	204
1623	3425	回报	54
1624	3426	挺	73
1625	3427	组合	116
1626	3428	类	155
1627	3429	差距	118
1628	3439	作	188
1629	3441	拿出	139
1630	3442	很少	129
1631	3444	失误	72
1632	3447	因素	225
1633	3448	致	62
1634	3449	待	86
1635	3452	校长	52
1636	3456	观念	58
1637	3457	成熟	149
1638	3458	赚钱	67
1639	3461	业绩	85
1640	3463	宣传	321
1641	3466	期限	56
1642	3470	要是	60
1643	3473	注意	225
1644	3480	素质	77
1645	3483	自身	200
1646	3484	推荐	129
1647	3485	时刻	145
1648	3490	联系	314
1649	3495	商业银行	64
1650	3497	应当	163
1651	3499	位置	241
1652	3500	强化	121
1653	3504	清楚	203
1654	3505	什么样	77
1655	3507	首先	321
1656	3508	专业	209
1657	3509	其次	107
1658	3513	一致	144
1659	3514	途径	61
1660	3518	做好	286
1661	3521	客观	72
1662	3522	评估	99
1663	3523	寻求	60
1664	3525	帮助	411
1665	3527	条款	68
1666	3528	余	74
1667	3535	第二	217
1668	3536	香港	245
1669	3537	深圳	157
1670	3542	位	221
1671	3547	儿童节	54
1672	3548	阳光	79
1673	3555	金	87
1674	3556	保险	144
1675	3559	账户	73
1676	3561	分享	79
1677	3562	成果	112
1678	3565	教育	312
1679	3568	多项	51
1680	3572	设计	224
1681	3585	协助	89
1682	3586	一事	119
1683	3592	蓝色	65
1684	3595	打造	137
1685	3609	游戏	64
1686	3610	工具	94
1687	3613	平均	151
1688	3617	百分点	86
1689	3618	中有	99
1690	3620	其余	91
1691	3627	文	83
1692	3628	道	238
1693	3629	·	532
1694	3631	玩	107
1695	3635	为主	180
1696	3642	分为	92
1697	3644	用	984
1698	3646	操作	153
1699	3648	到期	59
1700	3651	依靠	96
1701	3652	且	288
1702	3659	签约	60
1703	3661	手中	141
1704	3662	作品	154
1705	3668	创作	88
1706	3670	包含	59
1707	3671	短	80
1708	3676	艺术	120
1709	3680	成交	60
1710	3681	总额	75
1711	3687	目的	239
1712	3694	一款	70
1713	3695	这项	88
1714	3706	明白	123
1715	3710	神秘	60
1716	3714	总裁	66
1717	3716	十分	427
1718	3717	活跃	73
1719	3720	当年	207
1720	3722	拍	208
1721	3726	频繁	65
1722	3727	同	302
1723	3736	老板	128
1724	3744	东方	87
1725	3747	董事长	119
1726	3759	担心	225
1727	3762	过度	62
1728	3765	海外	82
1729	3767	前景	72
1730	3769	传言	50
1731	3773	价值	260
1732	3775	板块	69
1733	3780	不用	109
1734	3781	缓解	75
1735	3782	涨幅	80
1736	3784	届时	101
1737	3795	盈利	71
1738	3798	伴随	68
1739	3799	上升	156
1740	3800	表达	142
1741	3805	商品	89
1742	3812	一是	177
1743	3813	层面	83
1744	3814	无论是	134
1745	3815	二是	161
1746	3817	三是	105
1747	3823	时代	232
1748	3827	车	230
1749	3831	出租车	54
1750	3835	为何	130
1751	3836	容易	233
1752	3837	跌	52
1753	3838	难	193
1754	3842	掀起	75
1755	3843	弥补	58
1756	3850	总经理	92
1757	3851	助理	58
1758	3853	一方面	133
1759	3854	周边	107
1760	3856	竞争	135
1761	3857	争取	112
1762	3858	另一方面	149
1763	3861	经过	561
1764	3875	块	52
1765	3882	两次	215
1766	3883	先后	276
1767	3891	如今	271
1768	3893	谁	328
1769	3894	死	168
1770	3895	激烈	131
1771	3903	高级	102
1772	3912	主	54
1773	3915	老百姓	86
1774	3918	痛苦	68
1775	3925	进而	65
1776	3932	借鉴	51
1777	3936	往往	163
1778	3938	有望	118
1779	3953	形象	206
1780	3956	座谈会	74
1781	3958	媒体报道	136
1782	3960	私人	71
1783	3961	飞机	88
1784	3967	污染	70
1785	3968	印象	131
1786	3969	里	998
1787	3971	乃至	66
1788	3983	一支	125
1789	3986	改革开放	82
1790	3995	破坏	130
1791	3996	生态	61
1792	4007	走	556
1793	4010	变化	252
1794	4011	强调	315
1795	4017	来到	380
1796	4023	短短	62
1797	4024	分钟	293
1798	4027	前来	116
1799	4036	分配	75
1800	4041	既然	71
1801	4042	不好	196
1802	4043	所以	600
1803	4048	排	56
1804	4049	女士	114
1805	4050	本人	150
1806	4051	过来	138
1807	4055	先进	116
1808	4058	赶到	195
1809	4066	大门	72
1810	4074	衣服	125
1811	4080	写	217
1812	4099	呢	398
1813	4104	不错	217
1814	4113	北	50
1815	4124	配套	64
1816	4134	有利于	114
1817	4135	布局	62
1818	4137	缩小	55
1819	4142	快速	182
1820	4143	奠定	55
1821	4145	两天	120
1822	4149	建	61
1823	4151	公平	77
1824	4168	绝大多数	50
1825	4174	文章	120
1826	4178	一点	298
1827	4179	困难	188
1828	4180	免费	115
1829	4184	探索	123
1830	4190	相继	89
1831	4193	组织	662
1832	4197	标志	104
1833	4198	民生	74
1834	4200	理念	115
1835	4204	经济社会	116
1836	4206	日益	94
1837	4208	促进	283
1838	4209	节能	61
1839	4212	发挥	271
1840	4215	电力	56
1841	4216	一套	91
1842	4219	安装	70
1843	4228	累计	106
1844	4234	交流	187
1845	4235	质量	193
1846	4237	关系	477
1847	4238	效率	73
1848	4239	广大	193
1849	4244	反复	80
1850	4247	今后	196
1851	4250	积累	84
1852	4252	适应	115
1853	4253	创新	248
1854	4254	以往	127
1855	4256	方法	196
1856	4257	覆盖	89
1857	4259	第三	154
1858	4262	基于	66
1859	4263	最多	60
1860	4264	家庭	249
1861	4267	时期	267
1862	4272	印度	59
1863	4273	韩国	118
1864	4277	出台	202
1865	4278	反映	1249
1866	4281	更好	219
1867	4284	球场	76
1868	4285	罚	51
1869	4289	成都	92
1870	4290	批准	124
1871	4296	简称	60
1872	4297	付出	69
1873	4301	此事	184
1874	4303	罚款	58
1875	4305	值得一提的是	61
1876	4308	俱乐部	133
1877	4309	联赛	118
1878	4310	区	218
1879	4314	市长	104
1880	4318	赛事	77
1881	4320	最好	223
1882	4324	位于	289
1883	4327	微博	289
1884	4331	酒店	101
1885	4333	对外	117
1886	4340	建筑	90
1887	4344	级	136
1888	4347	查处	72
1889	4358	违反	120
1890	4359	土地	103
1891	4362	清理	71
1892	4363	整治	67
1893	4374	单纯	54
1894	4376	一座	133
1895	4384	相当	207
1896	4392	高端	54
1897	4393	描述	70
1898	4399	意义	226
1899	4403	致电	72
1900	4407	电话	292
1901	4408	总部	66
1902	4409	吧	310
1903	4412	无人	73
1904	4415	举行	528
1905	4416	措施	309
1906	4417	落实	170
1907	4418	到位	84
1908	4420	重新	202
1909	4426	四年	53
1910	4429	昨天	383
1911	4430	南	81
1912	4431	扩大	240
1913	4440	当局	50
1914	4444	双	54
1915	4451	注重	91
1916	4460	丰富	191
1917	4466	行	144
1918	4472	西方	76
1919	4474	必然	106
1920	4478	转移	150
1921	4480	减轻	55
1922	4482	靠	179
1923	4483	效益	51
1924	4487	补充	108
1925	4489	正好	79
1926	4493	之中	161
1927	4496	率先	104
1928	4497	巴西	68
1929	4498	越南	51
1930	4502	困扰	71
1931	4507	不得不	168
1932	4510	化	73
1933	4520	深化	99
1934	4527	生存	68
1935	4530	Ｍ	327
1936	4549	那	561
1937	4553	虽	112
1938	4558	利益	228
1939	4568	没什么	51
1940	4569	此举	67
1941	4570	防止	122
1942	4573	并非	215
1943	4581	减少	220
1944	4585	新增	72
1945	4586	发放	67
1946	4588	愿意	230
1947	4596	本身	135
1948	4607	典型	84
1949	4608	当然	263
1950	4610	红	112
1951	4616	主席	278
1952	4619	大赛	96
1953	4621	论坛	113
1954	4623	保护	273
1955	4626	发生	882
1956	4629	某些	83
1957	4633	框架	54
1958	4641	做法	147
1959	4646	旨在	65
1960	4648	保险公司	74
1961	4649	互动	72
1962	4650	影响力	74
1963	4651	学习	347
1964	4657	学者	64
1965	4659	地产	52
1966	4666	住	271
1967	4668	表态	56
1968	4669	调控	65
1969	4671	爱	234
1970	4675	救	59
1971	4679	平稳	77
1972	4680	释放	78
1973	4681	利好	69
1974	4682	中原	71
1975	4685	决策	86
1976	4686	举动	69
1977	4687	理解	144
1978	4692	知名	118
1979	4698	著名	245
1980	4700	央视	68
1981	4703	相同	64
1982	4705	日讯	87
1983	4708	仪式	133
1984	4711	日至	138
1985	4712	工业	115
1986	4724	单位	344
1987	4725	主办	54
1988	4726	主题	165
1989	4732	监测	115
1990	4735	次	297
1991	4737	合格	61
1992	4743	履行	94
1993	4745	和谐	111
1994	4750	不敢	124
1995	4753	树立	76
1996	4756	始终	184
1997	4759	抓	107
1998	4760	切实	115
1999	4764	治理	98
2000	4772	信用	53
2001	4783	党中央	87
2002	4785	协调	157
2003	4786	各方	78
2004	4790	突出	184
2005	4792	社会主义	158
2006	4794	特征	91
2007	4798	差	94
2008	4799	现状	70
2009	4800	根本	223
2010	4807	社会各界	56
2011	4816	防范	70
2012	4822	意识	177
2013	4828	充分发挥	66
2014	4830	坚强	69
2015	4834	放心	95
2016	4835	目标	383
2017	4836	陆续	99
2018	4837	预测	101
2019	4838	前后	89
2020	4839	开启	67
2021	4853	实质	57
2022	4858	回升	51
2023	4860	亿美元	82
2024	4865	通道	72
2025	4868	反	93
2026	4873	审批	78
2027	4874	步伐	71
2028	4884	率	93
2029	4885	排除	74
2030	4890	形式	244
2031	4894	一度	159
2032	4895	疯狂	82
2033	4898	上市	142
2034	4904	截止	65
2035	4908	共计	75
2036	4910	审查	56
2037	4913	内蒙古	53
2038	4916	科技	138
2039	4917	安徽	60
2040	4921	拟	53
2041	4923	幸福	141
2042	4936	福建	66
2043	4940	城	88
2044	4942	王	148
2045	4945	南京	118
2046	4959	争夺	98
2047	4967	优质	65
2048	4970	总量	59
2049	4972	一路	118
2050	4977	成长	155
2051	4981	习惯	100
2052	4985	总结	106
2053	4988	加盟	86
2054	4991	大部分	201
2055	4994	喜欢	296
2056	4997	内心	69
2057	5012	贵州	57
2058	5014	期间	462
2059	5019	最具	54
2060	5025	到处	51
2061	5028	讲	200
2062	5031	既有	64
2063	5033	风格	143
2064	5035	难度	61
2065	5037	几次	80
2066	5038	提到	104
2067	5041	东西	222
2068	5053	会上	92
2069	5054	专门	209
2070	5056	话题	102
2071	5059	思想	234
2072	5061	培养	139
2073	5062	团队	112
2074	5068	绝对	173
2075	5069	追求	133
2076	5082	思考	83
2077	5084	清晰	75
2078	5085	记得	99
2079	5086	年底	140
2080	5088	锁定	80
2081	5094	策略	83
2082	5095	运用	92
2083	5096	少	183
2084	5101	比如	238
2085	5103	字	129
2086	5117	看上去	62
2087	5119	而已	50
2088	5121	心理	148
2089	5122	打出	117
2090	5131	湖南	122
2091	5134	湖南省	50
2092	5135	紧急	108
2093	5139	江苏	131
2094	5143	猜测	55
2095	5146	尚未	133
2096	5147	氛围	81
2097	5152	瞬间	81
2098	5156	这么	314
2099	5165	增多	50
2100	5178	变	92
2101	5182	告知	83
2102	5183	当初	79
2103	5193	洛阳	53
2104	5196	【	280
2105	5197	】	281
2106	5202	当时	717
2107	5203	名叫	71
2108	5213	名字	149
2109	5214	突然	337
2110	5215	接到	246
2111	5218	仔细	82
2112	5219	询问	132
2113	5220	拿	360
2114	5221	居然	72
2115	5225	便	462
2116	5226	前往	242
2117	5227	找到	293
2118	5232	赔偿	107
2119	5239	获悉	256
2120	5240	继	105
2121	5244	贸易	80
2122	5248	战略	226
2123	5249	总体	136
2124	5250	定位	70
2125	5253	辖区	72
2126	5259	委员	120
2127	5264	东北	85
2128	5273	现实	199
2129	5277	融合	52
2130	5278	竞争力	62
2131	5290	整合	50
2132	5307	Ｇ	229
2133	5310	装备	65
2134	5311	汽车	259
2135	5316	基地	148
2136	5319	优化	66
2137	5320	升级	104
2138	5328	谈判	54
2139	5329	有力	113
2140	5345	铁路	72
2141	5347	西北	76
2142	5353	海上	56
2143	5359	签署	83
2144	5362	同意	168
2145	5368	有意	54
2146	5370	家长	140
2147	5372	良好	232
2148	5378	那里	159
2149	5379	电视	111
2150	5381	学校	334
2151	5382	周围	113
2152	5386	与其	81
2153	5387	轻松	102
2154	5391	以便	58
2155	5393	ｌ	299
2156	5394	讨论	214
2157	5397	性格	86
2158	5400	奖励	54
2159	5402	多少	231
2160	5403	年龄	131
2161	5407	期望	55
2162	5412	金钱	57
2163	5413	感受	141
2164	5414	度	82
2165	5416	快乐	94
2166	5421	一样	483
2167	5424	颜色	55
2168	5425	开	178
2169	5427	您	2076
2170	5430	观察	140
2171	5431	故事	202
2172	5434	正确	159
2173	5440	数	63
2174	5447	才能	318
2175	5455	呈现	104
2176	5473	慢慢	79
2177	5478	大陆	73
2178	5481	子女	64
2179	5487	地点	123
2180	5490	退休	65
2181	5491	打算	101
2182	5493	一部分	121
2183	5494	换	87
2184	5495	房子	90
2185	5497	房屋	69
2186	5503	ａ	472
2187	5505	ｅ	454
2188	5506	ｆ	96
2189	5507	ｒ	359
2190	5508	ｄ	233
2191	5509	Ｅ	272
2192	5510	ｃ	236
2193	5511	ｈ	247
2194	5512	ｎ	423
2195	5513	ｇ	191
2196	5514	旧	55
2197	5518	小区	76
2198	5519	法	79
2199	5526	遇到	197
2200	5538	危害	63
2201	5542	卫生	58
2202	5556	职责	76
2203	5557	种植	54
2204	5558	环节	125
2205	5566	违法行为	51
2206	5572	列入	55
2207	5573	追究	64
2208	5576	情形	73
2209	5584	严肃	56
2210	5589	应急	78
2211	5590	处置	74
2212	5592	事故	177
2213	5599	检测	80
2214	5600	人民政府	52
2215	5607	众人	60
2216	5608	一面	101
2217	5611	竟然	161
2218	5629	更大	113
2219	5633	商报	73
2220	5649	头	110
2221	5656	一半	68
2222	5659	表情	62
2223	5662	五年	69
2224	5666	开出	57
2225	5668	惊人	68
2226	5673	使	586
2227	5679	小姐	77
2228	5685	出去	99
2229	5690	差异	69
2230	5691	真的	247
2231	5701	尚	73
2232	5702	处在	71
2233	5703	尴尬	67
2234	5704	政治	296
2235	5707	现代化	76
2236	5709	鉴于	65
2237	5713	觉得	394
2238	5717	现	66
2239	5719	前面	58
2240	5721	走上	92
2241	5723	冲突	76
2242	5725	落后	107
2243	5726	实在	143
2244	5728	话	168
2245	5729	肯定	304
2246	5734	独立	130
2247	5736	两大	73
2248	5737	流行	66
2249	5738	叫	253
2250	5741	同志	227
2251	5749	尊重	2063
2252	5755	同步	58
2253	5756	你们	155
2254	5778	法规	1097
2255	5779	正当	51
2256	5781	花费	59
2257	5783	调研	98
2258	5790	记录	131
2259	5796	一时	70
2260	5797	不愿	104
2261	5803	协议	133
2262	5804	间接	1034
2263	5823	回复	59
2264	5826	喝	90
2265	5828	朋友	325
2266	5829	欲	89
2267	5830	收购	50
2268	5834	补偿	52
2269	5841	摄影	80
2270	5849	家住	66
2271	5852	超市	56
2272	5859	拒绝	136
2273	5861	送到	108
2274	5863	年前	138
2275	5869	怀疑	107
2276	5874	驻	99
2277	5881	亲自	116
2278	5884	照片	335
2279	5889	尽快	151
2280	5891	听说	119
2281	5903	留在	80
2282	5910	传播	82
2283	5913	见面	69
2284	5915	也许	142
2285	5917	电	85
2286	5918	陕西	58
2287	5924	房	50
2288	5937	只要	285
2289	5938	任何	446
2290	5940	据介绍	140
2291	5949	原	180
2292	5958	施工	57
2293	5967	所长	59
2294	5971	一段时间	123
2295	5978	牺牲	99
2296	5983	黄	64
2297	5989	认定	113
2298	5991	争议	115
2299	5992	中共	164
2300	5996	市委	82
2301	6007	大批	73
2302	6008	广州	204
2303	6010	品牌	172
2304	6020	东京	65
2305	6025	京	67
2306	6031	发表	1202
2307	6040	言论	1096
2308	6042	中华人民共和国	1092
2309	6059	武器	70
2310	6067	派出	91
2311	6068	赴	116
2312	6072	查获	51
2313	6073	从事	154
2314	6091	并且	293
2315	6093	为此	154
2316	6100	证据	135
2317	6101	画报	64
2318	6102	雅虎	1346
2319	6103	侠客	924
2320	6104	存储空间	923
2321	6105	上网	994
2322	6106	权利	987
2323	6107	未予	928
2324	6108	请点	923
2325	6109	查看	996
2326	6112	出席	261
2327	6118	马	96
2328	6119	不管	145
2329	6123	强行	59
2330	6125	反应	133
2331	6127	作风	71
2332	6134	将会	172
2333	6139	美女	117
2334	6152	原本	140
2335	6153	大家	580
2336	6160	失败	113
2337	6166	反对	164
2338	6177	多位	80
2339	6179	版	98
2340	6180	至于	149
2341	6185	伤	66
2342	6186	女子	204
2343	6187	化名	119
2344	6197	这名	184
2345	6198	三名	54
2346	6201	罪	72
2347	6206	时许	192
2348	6217	身着	54
2349	6221	杨	79
2350	6229	交给	112
2351	6232	三人	76
2352	6241	加拿大	82
2353	6246	事发	195
2354	6248	人口	102
2355	6254	威胁	132
2356	6259	一道	70
2357	6266	损害	86
2358	6272	眼中	53
2359	6279	跳	66
2360	6284	丝毫	63
2361	6290	杀	61
2362	6291	图片	275
2363	6299	女友	89
2364	6300	分手	64
2365	6305	公安局	136
2366	6309	指挥	142
2367	6310	接	76
2368	6311	报警	198
2369	6316	青年	175
2370	6317	倒	168
2371	6318	地上	106
2372	6325	大队	102
2373	6327	派出所	129
2374	6328	民警	223
2375	6330	组成	176
2376	6331	初步	164
2377	6332	系	138
2378	6338	实习	84
2379	6357	杀人	82
2380	6358	刑事拘留	53
2381	6359	审理	128
2382	6365	图为	250
2383	6368	受伤	224
2384	6369	本报讯	146
2385	6391	这部	103
2386	6392	引入	55
2387	6399	伤害	119
2388	6400	以外	69
2389	6401	解读	73
2390	6425	职业	164
2391	6432	集体	139
2392	6436	指导	174
2393	6449	江西	88
2394	6451	甘肃	52
2395	6453	培训	109
2396	6457	市区	88
2397	6473	郑州市	87
2398	6489	爆料	80
2399	6500	对话	82
2400	6501	围观	72
2401	6503	短信	55
2402	6504	遭	114
2403	6505	曝光	160
2404	6507	联合国	65
2405	6508	秘书长	111
2406	6515	和平	115
2407	6520	听取	60
2408	6524	汇报	60
2409	6531	身体	237
2410	6535	平民	58
2411	6537	遏制	54
2412	6538	局势	61
2413	6539	德	62
2414	6552	部队	188
2415	6553	抵达	94
2416	6554	首都	122
2417	6556	会见	77
2418	6558	总统	158
2419	6561	重要性	61
2420	6562	访问	98
2421	6564	外交	54
2422	6571	男子	322
2423	6588	胡	52
2424	6590	车辆	228
2425	6591	停	87
2426	6600	一辆	223
2427	6602	货车	54
2428	6607	过后	58
2429	6609	随即	147
2430	6615	拨打	92
2431	6617	驾车	54
2432	6621	几名	76
2433	6623	遂	56
2434	6624	拖	50
2435	6627	抓住	79
2436	6631	开车	70
2437	6635	街	63
2438	6641	熟悉	117
2439	6642	那个	201
2440	6644	下车	53
2441	6647	医生	135
2442	6661	平时	150
2443	6672	条	132
2444	6674	作业	57
2445	6677	职务	81
2446	6680	处罚	106
2447	6683	当事人	73
2448	6687	提议	51
2449	6688	总理	101
2450	6703	段	131
2451	6728	粮食	57
2452	6732	万人	119
2453	6753	自从	72
2454	6754	年初	100
2455	6761	小组	137
2456	6763	权力	1071
2457	6766	选举	55
2458	6767	法国	191
2459	6769	巴黎	61
2460	6770	举办	202
2461	6772	各个	82
2462	6779	武装	91
2463	6782	一切	1299
2464	6783	革命	242
2465	6789	军	141
2466	6790	以此	90
2467	6792	商业	123
2468	6795	河南	1324
2469	6797	交通	142
2470	6806	距	59
2471	6823	随时	118
2472	6825	无奈	124
2473	6826	几个	308
2474	6830	旁边	97
2475	6834	带	424
2476	6836	本地	53
2477	6838	主持	155
2478	6839	信	61
2479	6848	宽	60
2480	6849	平方米	59
2481	6869	人气	92
2482	6871	座	50
2483	6897	震撼	58
2484	6902	大战	61
2485	6915	日期	50
2486	6918	城乡	58
2487	6921	高层	61
2488	6925	之所以	142
2489	6931	深度	53
2490	6943	把握	111
2491	6945	市政府	69
2492	6963	反而	135
2493	6968	超	96
2494	6975	死者	69
2495	6980	伤亡	54
2496	6984	周末	75
2497	6991	目击者	57
2498	6992	男性	54
2499	7000	事后	93
2500	7001	当场	117
2501	7004	生命	225
2502	7017	不止	56
2503	7027	今晚	56
2504	7034	家属	94
2505	7039	决心	84
2506	7053	放	86
2507	7063	警告	69
2508	7067	伦敦	150
2509	7082	地下	78
2510	7089	完整	78
2511	7091	完美	96
2512	7096	Ｗ	123
2513	7097	ｏ	440
2514	7108	场景	77
2515	7111	消失	51
2516	7114	皇家	54
2517	7126	战士	93
2518	7130	昨晚	81
2519	7133	发射	50
2520	7144	巡逻	52
2521	7163	三天	50
2522	7174	系统	261
2523	7179	傍晚	52
2524	7189	配备	55
2525	7196	自动	72
2526	7209	登记	92
2527	7218	临时	94
2528	7219	参观	61
2529	7223	接待	59
2530	7224	返回	113
2531	7225	游客	64
2532	7235	阻止	62
2533	7236	试图	96
2534	7237	动物	50
2535	7246	原来	216
2536	7253	一块	109
2537	7254	移动	58
2538	7256	不但	135
2539	7264	等到	73
2540	7266	车上	91
2541	7276	士兵	58
2542	7292	相互	83
2543	7306	完毕	55
2544	7312	包	57
2545	7314	难道	54
2546	7318	所有人	65
2547	7328	赶紧	82
2548	7334	房间	62
2549	7337	躺	83
2550	7349	答应	53
2551	7359	二人	115
2552	7364	啊	218
2553	7366	搞	154
2554	7367	辛苦	60
2555	7372	好好	101
2556	7376	离婚	79
2557	7377	不行	63
2558	7379	电视台	121
2559	7383	女	296
2560	7389	平	58
2561	7399	娱乐	95
2562	7402	故意	68
2563	7404	胸部	56
2564	7408	投诉	68
2565	7410	激动	86
2566	7414	平等	62
2567	7415	委员会	259
2568	7420	遭受	57
2569	7423	感情	168
2570	7431	合理	136
2571	7446	作案	52
2572	7447	辆	95
2573	7448	系列	108
2574	7452	受害人	59
2575	7461	大道	61
2576	7478	乡	79
2577	7495	当晚	147
2578	7500	面前	142
2579	7504	分许	61
2580	7515	救援	68
2581	7516	出版	81
2582	7527	后期	54
2583	7531	Ｋ	187
2584	7538	网民	52
2585	7542	能否	131
2586	7554	出生	146
2587	7577	工厂	80
2588	7592	属	76
2589	7595	ｂ	132
2590	7596	ｍ	246
2591	7597	ｉ	444
2592	7599	ｔ	294
2593	7600	一批	152
2594	7606	拿到	155
2595	7608	担任	230
2596	7612	ｓ	327
2597	7613	ｋ	153
2598	7614	左	92
2599	7617	ｕ	251
2600	7618	医疗	90
2601	7638	地震	65
2602	7648	黑色	107
2603	7650	美丽	86
2604	7654	光	55
2605	7655	人民网	1319
2606	7671	提	80
2607	7682	遵守	1045
2608	7698	高度	148
2609	7713	充满	195
2610	7714	激情	70
2611	7715	美好	62
2612	7718	得知	181
2613	7722	婚礼	56
2614	7726	治疗	140
2615	7728	杂志	99
2616	7732	制作	130
2617	7735	指示	85
2618	7738	儿子	212
2619	7747	船	70
2620	7750	海域	72
2621	7754	中方	71
2622	7772	第二次	81
2623	7776	发布会	147
2624	7778	名单	95
2625	7779	兼	140
2626	7784	克	54
2627	7792	更换	63
2628	7794	联盟	82
2629	7819	高速公路	50
2630	7851	一同	70
2631	7853	砸	83
2632	7856	工人	118
2633	7859	轿车	88
2634	7871	一边	126
2635	7873	地面	93
2636	7878	掉	105
2637	7883	不幸	80
2638	7884	车主	73
2639	7888	取	67
2640	7895	行驶	108
2641	7898	厘米	64
2642	7899	心里	101
2643	7902	一声	84
2644	7909	一幕	92
2645	7916	高速	92
2646	7922	头部	64
2647	7948	路线	77
2648	7951	六	63
2649	7956	天气	139
2650	7957	千万	69
2651	7960	新疆	58
2652	7972	机场	94
2653	7980	结论	51
2654	7995	性质	78
2655	8007	小心	59
2656	8018	冒	51
2657	8023	官兵	57
2658	8046	一组	86
2659	8068	高考	109
2660	8070	考生	70
2661	8080	月初	92
2662	8083	考试	96
2663	8119	底线	59
2664	8120	动作	121
2665	8124	承受	60
2666	8125	半年	82
2667	8133	首	57
2668	8138	一手	60
2669	8162	女儿	230
2670	8166	身亡	54
2671	8186	民主	73
2672	8189	资格	96
2673	8197	严峻	52
2674	8200	其它	71
2675	8215	更新	54
2676	8222	公斤	60
2677	8225	剩下	86
2678	8229	一行	83
2679	8234	门前	69
2680	8241	父亲	224
2681	8260	忘记	63
2682	8270	赶来	64
2683	8280	毕业	127
2684	8286	第一位	58
2685	8292	身	53
2686	8295	可惜	79
2687	8304	回	166
2688	8313	签订	82
2689	8319	放弃	140
2690	8324	农民	163
2691	8363	爱情	139
2692	8375	可爱	83
2693	8377	情人	50
2694	8387	音乐	109
2695	8389	身边	168
2696	8391	女生	83
2697	8393	关爱	54
2698	8394	目光	53
2699	8395	总是	190
2700	8396	围绕	131
2701	8406	脸	69
2702	8416	信任	93
2703	8418	看着	86
2704	8429	现年	77
2705	8431	婚姻	62
2706	8437	成员	230
2707	8438	她们	151
2708	8443	老人	114
2709	8444	右	60
2710	8449	用来	74
2711	8450	手术	79
2712	8453	司机	170
2713	8462	出发	118
2714	8469	传来	59
2715	8475	报案	68
2716	8484	白色	75
2717	8517	变成	151
2718	8523	多年	303
2719	8535	哪	69
2720	8537	第二天	103
2721	8538	心中	118
2722	8550	男友	69
2723	8576	广西	75
2724	8588	兄弟	62
2725	8613	久	60
2726	8625	一把	100
2727	8653	戴	70
2728	8663	越	85
2729	8666	一句	119
2730	8672	一人	112
2731	8708	母亲	212
2732	8718	对待	93
2733	8721	纠纷	60
2734	8723	看望	51
2735	8728	秩序	63
2736	8737	制止	53
2737	8744	多种	95
2738	8750	一旦	188
2739	8759	哭	84
2740	8765	家中	154
2741	8766	小孩	75
2742	8779	多处	55
2743	8781	胜利	231
2744	8798	家里	165
2745	8799	七	57
2746	8808	感到	237
2747	8817	看看	170
2748	8823	撞	71
2749	8880	个别	90
2750	8896	战斗	105
2751	8903	攻击	103
2752	8923	结婚	145
2753	8931	云南	57
2754	8936	内涵	51
2755	8937	年轻人	103
2756	8939	渐渐	51
2757	8945	口	59
2758	8946	上班	81
2759	8948	颇为	53
2760	8953	于是	301
2761	8959	坐	116
2762	8974	宿舍	60
2763	8980	送给	75
2764	8991	毕竟	115
2765	9013	民族	131
2766	9023	教师	105
2767	9027	感动	111
2768	9030	爱心	67
2769	9031	妈妈	135
2770	9038	六一	56
2771	9040	家人	182
2772	9046	第三次	67
2773	9048	关心	162
2774	9059	到底	137
2775	9060	语言	68
2776	9081	后悔	59
2777	9084	女孩	159
2778	9087	从小	81
2779	9101	想到	124
2780	9103	时说	59
2781	9105	那些	226
2782	9110	腿	57
2783	9122	进步	104
2784	9123	定	72
2785	9134	冲	73
2786	9143	生	71
2787	9152	英雄	114
2788	9157	道德	1091
2789	9161	展现	101
2790	9162	热爱	51
2791	9164	塑造	62
2792	9168	省委	76
2793	9169	全省	122
2794	9171	看见	92
2795	9184	广泛	195
2796	9188	核实	58
2797	9193	交警	84
2798	9199	画面	86
2799	9203	交通事故	54
2800	9205	妇女	88
2801	9207	道路	219
2802	9211	女性	137
2803	9212	驾驶员	72
2804	9219	拍摄	317
2805	9225	介入	77
2806	9228	谈话	52
2807	9229	回忆	156
2808	9232	路口	62
2809	9239	不知	92
2810	9240	片中	55
2811	9242	郑州	155
2812	9256	是不是	126
2813	9259	一出	51
2814	9276	学院	116
2815	9289	推	65
2816	9325	法律责任	1036
2817	9326	有权	1037
2818	9347	走访	73
2819	9348	全力	103
2820	9358	身材	67
2821	9359	红色	126
2822	9360	离开	270
2823	9369	十大	50
2824	9395	晚报	81
2825	9417	看起来	80
2826	9442	显得	178
2827	9450	放在	153
2828	9466	售价	53
2829	9478	这家	83
2830	9494	半个	96
2831	9502	几位	55
2832	9516	年轻	254
2833	9517	摄影师	62
2834	9531	届	77
2835	9533	总决赛	87
2836	9535	表演	164
2837	9536	展示	165
2838	9540	亮相	118
2839	9568	取消	72
2840	9572	重视	152
2841	9584	回来	132
2842	9594	聘请	50
2843	9607	公安	67
2844	9612	旅客	53
2845	9668	机动车	51
2846	9671	之内	77
2847	9677	中国人民解放军	51
2848	9680	身高	60
2849	9686	军队	150
2850	9693	内地	98
2851	9704	乘坐	77
2852	9730	小型	55
2853	9736	乘客	111
2854	9748	尸体	73
2855	9753	ｖ	88
2856	9755	领导人	128
2857	9767	全程	54
2858	9796	有序	53
2859	9798	各大	86
2860	9833	作战	102
2861	9839	大会	112
2862	9844	中共中央	92
2863	9847	胡锦涛	53
2864	9861	荣誉	75
2865	9869	自觉	63
2866	9887	改进	76
2867	9892	图	146
2868	9897	人生	138
2869	9922	发帖	52
2870	9940	生于	78
2871	9976	专题	149
2872	9992	队员	138
2873	10009	昨天下午	89
2874	10010	沪	82
2875	10016	大学生	100
2876	10023	排名	95
2877	10052	登陆	54
2878	10069	前进	76
2879	10094	广告	108
2880	10095	报纸	75
2881	10098	不了	124
2882	10102	调侃	52
2883	10109	人才	114
2884	10111	愤怒	53
2885	10114	转发	58
2886	10152	说话	71
2887	10157	直到	172
2888	10158	去世	81
2889	10171	被迫	74
2890	10175	临近	60
2891	10177	到来	89
2892	10187	好友	73
2893	10209	的确	108
2894	10210	假	50
2895	10212	途中	78
2896	10215	不已	51
2897	10217	名义	65
2898	10227	却是	116
2899	10255	开玩笑	72
2900	10256	两种	71
2901	10264	提起	51
2902	10268	责任编辑	141
2903	10282	杀害	64
2904	10287	战争	138
2905	10296	指责	75
2906	10307	爆炸	58
2907	10312	队	162
2908	10313	长沙	78
2909	10324	维权	50
2910	10325	南海	54
2911	10334	空中	55
2912	10356	欣赏	80
2913	10361	线路	72
2914	10373	＋	98
2915	10376	销量	65
2916	10383	高效	54
2917	10385	推广	91
2918	10403	大概	89
2919	10420	环保	102
2920	10426	绿色	78
2921	10433	将来	64
2922	10443	平衡	78
2923	10444	明年	56
2924	10468	在线	80
2925	10472	着力	62
2926	10474	品质	54
2927	10485	县	121
2928	10486	省	217
2929	10514	我市	50
2930	10534	排查	56
2931	10570	带有	57
2932	10581	书记	194
2933	10587	住房	65
2934	10604	砍	58
2935	10609	店	80
2936	10627	街头	67
2937	10638	姓名	67
2938	10645	监狱	64
2939	10656	法官	80
2940	10657	弄	79
2941	10658	敢	68
2942	10660	男人	137
2943	10669	入狱	52
2944	10670	强奸	69
2945	10677	形容	82
2946	10680	偷偷	56
2947	10685	一部	177
2948	10686	方便	117
2949	10702	缺少	83
2950	10703	被判	69
2951	10705	宣判	60
2952	10788	命令	73
2953	10794	训练	184
2954	10796	岗位	94
2955	10817	反抗	50
2956	10819	本市	57
2957	10821	人民法院	63
2958	10823	判处	76
2959	10824	有期徒刑	70
2960	10830	三次	83
2961	10838	别的	72
2962	10844	同年	65
2963	10845	走进	113
2964	10856	意思	88
2965	10858	次日	69
2966	10862	外出	85
2967	10881	研究所	62
2968	10907	名为	71
2969	10912	常常	72
2970	10915	害怕	66
2971	10920	杭州	112
2972	10927	秒	104
2973	10929	停车	77
2974	11002	不时	69
2975	11019	路上	124
2976	11035	恋爱	53
2977	11066	遗体	51
2978	11076	懂	63
2979	11077	速度	167
2980	11085	录像	62
2981	11096	演员	185
2982	11134	广东省	54
2983	11153	陈	79
2984	11176	请求	64
2985	11182	艰苦	64
2986	11213	登上	56
2987	11237	浪费	54
2988	11249	公园	57
2989	11250	谈	75
2990	11253	动员	71
2991	11266	一所	55
2992	11268	无疑	142
2993	11270	主角	58
2994	11272	细节	106
2995	11274	家乡	67
2996	11277	些	68
2997	11278	亲切	58
2998	11284	每次	117
2999	11308	接着	94
3000	11310	眼睛	80
3001	11340	便是	66
3002	11341	自主	88
3003	11344	坦言	103
3004	11345	算是	67
3005	11346	尝试	100
3006	11353	教学	50
3007	11356	必要	137
3008	11357	亚洲	111
3009	11391	战	57
3010	11397	后者	80
3011	11398	秘密	80
3012	11400	对手	238
3013	11409	所谓	172
3014	11413	备战	70
3015	11415	军事	167
3016	11424	分布	61
3017	11449	事业	235
3018	11453	嘉宾	59
3019	11464	万美元	72
3020	11470	北京市	78
3021	11484	世界杯	95
3022	11487	举报	53
3023	11493	足球	162
3024	11498	英格兰	67
3025	11502	赛前	65
3026	11503	夺得	58
3027	11504	冠军	209
3028	11514	赛场	73
3029	11520	战役	55
3030	11523	率领	99
3031	11530	长时间	67
3032	11535	场上	92
3033	11542	地位	175
3034	11543	夺冠	87
3035	11548	所说	62
3036	11549	韦德	51
3037	11560	赛季	156
3038	11580	相似	66
3039	11581	体育讯	375
3040	11582	季后赛	64
3041	11583	比分	100
3042	11584	雷霆	64
3043	11589	全场	109
3044	11590	拿下	79
3045	11595	投	82
3046	11599	效力	62
3047	11601	丢	77
3048	11605	出场	104
3049	11609	助攻	76
3050	11615	拉开	50
3051	11626	本场	90
3052	11631	犯规	51
3053	11641	得分	92
3054	11647	打破	95
3055	11654	一生	118
3056	11658	奥运会	101
3057	11663	赛后	109
3058	11669	毫无	53
3059	11682	迎接	80
3060	11685	偶像	61
3061	11687	体育	101
3062	11696	开幕	74
3063	11700	外界	98
3064	11701	奥运	66
3065	11707	永远	117
3066	11716	进攻	193
3067	11741	战术	87
3068	11745	传球	54
3069	11751	这支	90
3070	11752	更为	132
3071	11754	后卫	87
3072	11768	本赛季	77
3073	11769	踢	97
3074	11771	相反	52
3075	11772	渴望	52
3076	11774	出色	126
3077	11778	上半场	65
3078	11788	这才	51
3079	11793	禁区	54
3080	11799	生涯	57
3081	11804	进球	133
3082	11807	出战	51
3083	11816	足以	56
3084	11823	伟大	145
3085	11850	防守	129
3086	11853	负担	65
3087	11856	相	78
3088	11866	达成	71
3089	11875	军团	83
3090	11908	想象	77
3091	11909	糟糕	51
3092	11916	性感	104
3093	11941	装有	57
3094	11948	运动员	67
3095	11949	职业生涯	58
3096	11958	在场	54
3097	11959	篮板	60
3098	11966	看好	75
3099	11968	首战	51
3100	11989	热身赛	80
3101	11992	主场	100
3102	11996	客场	50
3103	12003	反击	65
3104	12005	击败	114
3105	12014	第二轮	53
3106	12018	迎战	62
3107	12151	阵容	92
3108	12168	决赛	175
3109	12183	兴奋	72
3110	12185	众	53
3111	12199	失利	52
3112	12206	赢	78
3113	12210	超越	78
3114	12217	传奇	69
3115	12225	当下	60
3116	12232	斯	69
3117	12241	西班牙队	55
3118	12258	说道	89
3119	12293	本届	130
3120	12294	惊喜	50
3121	12300	热门	66
3122	12306	伤病	50
3123	12316	较量	59
3124	12348	确立	60
3125	12354	成就	92
3126	12365	将军	68
3127	12378	如同	51
3128	12383	晋级	68
3129	12398	梦想	91
3130	12416	前天	56
3131	12419	昨天上午	62
3132	12434	高兴	101
3133	12443	队友	94
3134	12447	融入	56
3135	12450	主教练	76
3136	12481	传闻	53
3137	12482	理由	111
3138	12494	接下来	104
3139	12499	抱	95
3140	12500	保留	70
3141	12504	登场	61
3142	12507	引进	82
3143	12514	顺利	163
3144	12539	数字	84
3145	12540	最初	60
3146	12559	詹姆斯	68
3147	12577	想起	69
3148	12579	热火	80
3149	12582	即便	105
3150	12587	凯尔特人	60
3151	12597	早就	53
3152	12610	Ｘ	73
3153	12612	参赛	63
3154	12615	中国队	68
3155	12616	例如	66
3156	12620	锻炼	64
3157	12627	日常	57
3158	12643	小组赛	84
3159	12658	留下	206
3160	12662	红军	89
3161	12666	回归	70
3162	12674	最佳	118
3163	12680	看法	71
3164	12690	有时候	55
3165	12704	＞	112
3166	12707	东道主	53
3167	12715	麻烦	68
3168	12719	是因为	214
3169	12720	吃饭	122
3170	12733	旁	58
3171	12755	ｗ	125
3172	12756	波兰	68
3173	12776	ｙ	180
3174	12778	多数	105
3175	12786	全世界	69
3176	12810	看出	70
3177	12812	极	65
3178	12831	敌	64
3179	12848	上来	65
3180	12861	两位	133
3181	12870	逼	53
3182	12896	有个	97
3183	12904	极大	111
3184	12919	自信	70
3185	12920	节奏	55
3186	12921	射门	53
3187	12926	观看	110
3188	12984	那种	88
3189	13001	运动	179
3190	13015	像是	62
3191	13030	周	106
3192	13033	失望	61
3193	13043	复出	54
3194	13046	不仅仅	76
3195	13048	队长	62
3196	13057	领袖	57
3197	13099	考察	72
3198	13141	互相	63
3199	13153	苏联	69
3200	13155	遗憾	85
3201	13184	合影	58
3202	13187	可是	151
3203	13194	借	70
3204	13201	顿时	50
3205	13207	粉丝	99
3206	13236	喊	68
3207	13262	下半场	62
3208	13270	局面	149
3209	13286	赛	54
3210	13301	Ｒ	162
3211	13306	兴趣	63
3212	13310	夏季	61
3213	13334	待遇	76
3214	13370	中学	104
3215	13382	身为	53
3216	13396	亮点	53
3217	13400	深	119
3218	13419	合适	69
3219	13433	心	90
3220	13486	怕	76
3221	13507	青春	77
3222	13541	之际	68
3223	13560	简单	203
3224	13569	时机	51
3225	13595	活力	60
3226	13598	老师	187
3227	13601	不想	102
3228	13621	现身	80
3229	13650	心情	83
3230	13675	车型	132
3231	13688	经销商	50
3232	13695	随	86
3233	13699	编辑	62
3234	13716	点评	63
3235	13729	诞生	67
3236	13731	好像	65
3237	13734	豪华	59
3238	13761	加速	79
3239	13777	电脑	73
3240	13778	消除	71
3241	13793	摆	54
3242	13795	因而	57
3243	13828	无限	61
3244	13834	中华	50
3245	13836	呀	75
3246	13842	笔者	54
3247	13893	Ｑ	89
3248	13910	全新	96
3249	13956	相当于	64
3250	13970	维修	63
3251	13975	不见	56
3252	13993	倡导	53
3253	13998	态势	99
3254	14007	造型	107
3255	14035	拓展	74
3256	14068	穿	166
3257	14078	礼物	67
3258	14086	本文	65
3259	14151	ｐ	167
3260	14177	自行	50
3261	14200	巨星	51
3262	14201	时尚	81
3263	14214	营造	82
3264	14219	干	113
3265	14223	引来	68
3266	14226	传媒	51
3267	14227	艺人	64
3268	14238	男孩	51
3269	14283	学会	77
3270	14299	执导	73
3271	14303	主演	121
3272	14320	戏	105
3273	14325	导演	167
3274	14329	女人	122
3275	14348	正面	71
3276	14353	直言	50
3277	14366	生日	51
3278	14402	影视	50
3279	14404	抗战	53
3280	14405	剧	74
3281	14408	该剧	59
3282	14410	演绎	95
3283	14414	剧中	115
3284	14416	场面	89
3285	14423	电视剧	114
3286	14449	饰演	129
3287	14473	精心	50
3288	14475	上映	69
3289	14508	女主角	59
3290	14517	影片	103
3291	14519	男女	60
3292	14528	情节	51
3293	14530	感	53
3294	14567	情感	88
3295	14588	获	57
3296	14591	出演	112
3297	14601	飞	68
3298	14606	帮	107
3299	14622	一只	86
3300	14661	改造	97
3301	14710	命运	66
3302	14729	全身	55
3303	14779	写道	60
3304	14781	收	69
3305	14793	携手	59
3306	14798	姐姐	54
3307	14848	样子	60
3308	14866	Ｊ	99
3309	14884	庆祝	83
3310	14889	翻译	59
3311	14899	女星	90
3312	14954	愿望	50
3313	14961	哪些	51
3314	14965	度过	50
3315	14996	那天	63
3316	15009	个性	84
3317	15017	喜爱	62
3318	15030	频道	1065
3319	15063	温暖	63
3320	15101	娱乐圈	61
3321	15105	热议	72
3322	15114	於	155
3323	15124	难题	72
3324	15125	收费	56
3325	15133	﹔	98
3326	15134	路段	63
3327	15145	出行	52
3328	15167	唱	52
3329	15184	激励	51
3330	15189	物质	69
3331	15201	不停	77
3332	15210	主张	71
3333	15245	奇迹	50
3334	15307	团结	70
3335	15347	贯彻	57
3336	15404	漂亮	72
3337	15412	面	53
3338	15437	书	65
3339	15443	转	69
3340	15456	马上	145
3341	15495	妹妹	56
3342	15532	这份	79
3343	15538	特意	64
3344	15547	体制	77
3345	15574	共识	50
3346	15592	灵活	58
3347	15659	搜索	51
3348	15680	一身	71
3349	15704	传	59
3350	15709	本来	118
3351	15717	病	70
3352	15718	纪念	99
3353	15753	巩固	69
3354	15754	政权	51
3355	15896	概念	71
3356	15935	舆论	93
3357	15970	实践	129
3358	15973	思路	62
3359	16005	上学	57
3360	16017	骑	51
3361	16050	秘书	52
3362	16057	财产	54
3363	16128	西安	73
3364	16187	脚	60
3365	16231	贴	82
3366	16249	文字	58
3367	16260	歌曲	55
3368	16332	培育	66
3369	16510	全年	51
3370	16532	一大	105
3371	16536	高校	57
3372	16539	笔名	1016
3373	16540	留言	1051
3374	16541	留言板	1011
3375	16542	内转载	1007
3376	16543	引用	1018
3377	16544	管理员	1018
3378	16545	视窗	154
3379	16546	我省	66
3380	16562	扮演	76
3381	16585	大胆	68
3382	16587	校园	59
3383	16603	党委	58
3384	16620	成效	59
3385	16688	省政府	59
3386	16698	小学	92
3387	16773	奉献	54
3388	16911	人家	74
3389	16981	陪同	90
3390	17023	人均	62
3391	17026	线索	66
3392	17044	外地	59
3393	17152	讲话	133
3394	17181	应有	53
3395	17215	倾向	56
3396	17388	支队	53
3397	17426	文明	86
3398	17495	党和国家	52
3399	17517	哪里	92
3400	17521	脖子	61
3401	17599	党员	64
3402	17646	大河网	60
3403	17649	魅力	62
3404	17738	加工	69
3405	17740	创业	58
3406	17745	保安	59
3407	17864	体验	72
3408	17946	彼此	56
3409	17960	这张	55
3410	17962	颇	81
3411	17985	师	71
3412	18016	弟弟	62
3413	18036	夫人	57
3414	18058	邓小平	70
3415	18118	老婆	57
3416	18137	脸上	63
3417	18152	老公	62
3418	18168	收集	53
3419	18204	常	55
3420	18239	强势	62
3421	18352	一群	63
3422	18408	阿	55
3423	18432	区别	56
3424	18503	气质	55
3425	18537	元素	80
3426	18541	开场	54
3427	18594	答案	56
3428	18630	炒作	60
3429	18708	挂	63
3430	18750	看过	66
3431	18751	Ｙ	57
3432	18795	奋斗	50
3433	18842	少数	51
3434	18890	毛泽东	258
3435	18933	共产党	79
3436	18953	鉴定	62
3437	19012	复兴	65
3438	19013	展览	82
3439	19015	朱德	86
3440	19127	发动	117
3441	19133	频频	68
3442	19135	蒋介石	74
3443	19162	这时	106
3444	19182	大小	63
3445	19191	刊登	55
3446	19231	中国共产党	205
3447	19233	周恩来	100
3448	19247	抗日	62
3449	19267	延安	76
3450	19269	麽	62
3451	19294	马克思主义	54
3452	19308	号召	52
3453	19366	读者	60
3454	19372	斗争	100
3455	19386	无产阶级	52
3456	19392	规律	59
3457	19505	解放	90
3458	19543	莫斯科	51
3459	19741	智慧	50
3460	19760	毛主席	70
3461	19764	祖国	50
3462	19794	上将	57
3463	19852	敌人	108
3464	19955	睡	52
3465	19975	统治	62
3466	20043	机遇	56
3467	20116	立场	53
3468	20127	周年	88
3469	20246	当即	58
3470	20312	长江	59
3471	20387	进去	52
3472	20461	从此	67
3473	20582	大众	62
3474	20591	热烈	58
3475	20744	常委	51
3476	21120	姓	51
3477	21254	第四	69
3478	21277	无数	81
3479	21482	被捕	59
3480	21723	研发	60
3481	21965	陪	80
3482	22239	班	50
3483	22339	赵	61
3484	22603	初	53
3485	22860	打工	74
3486	22886	读书	66
3487	23242	人类	105
3488	23539	委托	65
3489	23553	收取	57
3490	23654	零	51
3491	24075	想法	87
3492	24395	长大	51
3493	24755	好转	54
3494	24805	多岁	71
3495	25178	这条	56
3496	25394	必将	56
3497	25397	抗议	52
3498	25465	尽量	65
3499	26143	爸爸	81
3500	26364	上下	50
3501	26560	利	56
3502	26836	首场	52
3503	27058	一共	64
3504	27812	首批	52
3505	28360	应用	56
3506	28913	一看	58
3507	29264	独特	74
3508	29665	服装	51
3509	32591	著	69
3510	32648	诸如	55
3511	33631	其间	51
3512	36851	有利	52
